 0
 4
 4
 -9
 -9
 -37
 -37
 -37
 -99
 -152
 -213
 -280
 -355
 -433
 -433
 -531
 -609
 -692
 -777
 -859
 -971
 -971
 -1057
 -1143
 -1226
 -1301
 -1385
 -1385
 -1486
 -1574
 -1654
 -1739
 -1817
 -1924
 -1993
 -2062
 -2091
 -2178
 -2262
 -2262
 -2346
 -2346
 -2458
 -2544
 -2623
 -2623
 -2708
 -2790
 -3053
 -3131
 -3218
 -3298
 -3404
 -3404
 -3485
 -3567
 -3655
 -3736
 -3736
 -3844
 -3929
 -3929
 -4013
 -4097
 -4097
 -4176
 -4268
 -4268
 -4377
 -4461
 -4539
 -4622
 -4622
 -4704
 -4704
 -4804
 -4888
 -4971
 -5053
 -5053
 -5139
 -5221
 -5323
 -5323
 -5409
 -5492
 -5575
 -5575
 -5657
 0, encoderR
 -4, encoderR
 -4, encoderR
 -4, encoderR
 -26, encoderR
 -26, encoderR
 -67, encoderR
 -67, encoderR
 -127
 -127
 -185
 -254
 -328
 -402
 -402
 -499
 -572
 -649
 -733
 -812
 -812
 -897
 -1004
 -1089
 -1170
 -1251
 -1251
 -1334
 -1437
 -1520
 -1606
 -1692
 -1776
 -1859
 -1859
 -1975
 -2054
 -2134
 -2134
 -2218
 -2303
 -2303
 -2406
 -2490
 -2574
 -2574
 -2663
 -2748
 -2822
 -2822
 -2929
 -3013
 -3013
 -3267
 -3369
 -3451
 -3532
 -3614
 -3698
 -3698
 -3780
 -3841
 -3902
 -3972
 -4051
 -4135
 -4135
 -4223
 -4223
 -4346
 -4432
 -4513
 -4596
 -4596
 -4677
 -4760
 -4760
 -4866
 -4954
 -5038
 -5038
 -5119
 -5204
 -5204
 -5313
 -5392
 -5476
 -5556
 -5645
 -5645
 -5729
 0, encoderR
 0, encoderR
 -4, encoderR
 -4, encoderR
 -34, encoderR
 -34, encoderR
 -34, encoderR
 -34, encoderR
 -101
 -163
 -216
 -283
 -353
 -353
 -429
 -531
 -565
 -599
 -766
 -851
 -851
 -949
 -1034
 -1113
 -1282
 -1282
 -1364
 -1469
 -1559
 -1636
 -1716
 -1716
 -1807
 -1911
 -1911
 -2018
 -2104
 -2184
 -2184
 -2274
 -2356
 -2356
 -2462
 -2546
 -2546
 -2634
 -2716
 -2794
 -2794
 -2886
 -2977
 -2977

 -3201
 -3399
 -3477
 -3477
 -3553
 -3631
 -3710
 -3810
 -3810
 -3911
 -3994
 -4076
 -4076
 -4162
 -4243
 -4243
 -4353
 -4434
 -4434
 -4516
 -4601
 -4685
 -4685
 -4781
 -4876
 -4876
 -4953
 -5009
 -5065
 -5121
 -5193
 -5296
 -5296
 -5378
 -5460
 -5544
 -5625
 -5625
 -5725
